(test set error, n <for hashing>, # of hidden nodes)
150 epochs

(3.3333333333333335, 4, 5)
(3.3333333333333335, 6, 6)
(3.3333333333333335, 6, 7)
(3.3333333333333335, 6, 8)
(3.3333333333333335, 7, 7)
(5.0, 4, 4)
(5.0, 4, 6)
(5.0, 4, 7)
(5.0, 4, 8)
(5.0, 5, 8)
(5.0, 7, 8)
(6.666666666666667, 5, 5)
(6.666666666666667, 7, 6)
(8.333333333333334, 5, 6)
(10.0, 3, 5)
(10.0, 5, 7)
(10.0, 6, 4)
(11.666666666666666, 3, 6)
(11.666666666666666, 6, 5)
(13.333333333333334, 3, 8)
(15.0, 7, 5)
(16.666666666666668, 3, 4)
(16.666666666666668, 5, 4)
(16.666666666666668, 7, 3)
(21.666666666666668, 2, 6)
(21.666666666666668, 3, 7)
(21.666666666666668, 7, 4)
(23.333333333333332, 6, 3)
(25.0, 2, 7)
(25.0, 2, 8)
(25.0, 4, 3)
(25.0, 5, 3)
(28.333333333333332, 2, 5)
(38.333333333333336, 2, 4)
(43.333333333333336, 4, 2)
(48.333333333333336, 2, 3)
(48.333333333333336, 3, 3)
(51.666666666666664, 6, 2)
(56.666666666666664, 2, 2)
(56.666666666666664, 7, 2)
(60.0, 5, 2)
(61.666666666666664, 3, 2)
(80.0, 2, 1)
(80.0, 3, 1)
(80.0, 4, 1)
(80.0, 5, 1)
(80.0, 6, 1)
(80.0, 7, 1)

